255, 185, 105
255, 189, 111
255, 192, 118
255, 195, 124
255, 198, 130
255, 201, 135
255, 203, 141
255, 206, 146
255, 208, 151
255, 211, 156
255, 213, 161
255, 215, 166
255, 217, 171
255, 219, 175
255, 221, 180
255, 223, 184
255, 225, 188
255, 226, 192
255, 228, 196
255, 229, 200
255, 231, 204
255, 232, 208
255, 234, 211
255, 235, 215
255, 237, 218
255, 238, 222
255, 239, 225
255, 240, 228
255, 241, 231
255, 243, 234
255, 244, 237
255, 245, 240
255, 246, 243
255, 247, 245
255, 248, 248
255, 249, 251
255, 249, 253
254, 250, 255
252, 248, 255
250, 247, 255
247, 245, 255
245, 244, 255
243, 243, 255
241, 241, 255
239, 240, 255
238, 239, 255
236, 238, 255
234, 237, 255
233, 236, 255
231, 234, 255
229, 233, 255
228, 233, 255
227, 232, 255
225, 231, 255
224, 230, 255
223, 229, 255
221, 228, 255
220, 227, 255
219, 226, 255
218, 226, 255
217, 225, 255
216, 224, 255
215, 223, 255
214, 223, 255
213, 222, 255
212, 221, 255
211, 221, 255
210, 220, 255
209, 220, 255
208, 219, 255
207, 218, 255
207, 218, 255
206, 217, 255
205, 217, 255
204, 216, 255
204, 216, 255
203, 215, 255
202, 215, 255
202, 214, 255
201, 214, 255
200, 213, 255
200, 213, 255
199, 212, 255
198, 212, 255
198, 212, 255
197, 211, 255
197, 211, 255
196, 210, 255
196, 210, 255
195, 210, 255
195, 209, 255
194, 209, 255
194, 208, 255
193, 208, 255
193, 208, 255
192, 207, 255
192, 207, 255
191, 207, 255
191, 206, 255
190, 206, 255
190, 206, 255
190, 206, 255
189, 205, 255
189, 205, 255
188, 205, 255
188, 204, 255
188, 204, 255
187, 204, 255
187, 204, 255
187, 203, 255
186, 203, 255
186, 203, 255
186, 203, 255
185, 202, 255
185, 202, 255
185, 202, 255
184, 202, 255
184, 201, 255
184, 201, 255
184, 201, 255
183, 201, 255
183, 201, 255
183, 200, 255
182, 200, 255
182, 200, 255
182, 200, 255
182, 200, 255
181, 199, 255
181, 199, 255
181, 199, 255
181, 199, 255
180, 199, 255
180, 198, 255
180, 198, 255
180, 198, 255
179, 198, 255
179, 198, 255
179, 198, 255
179, 197, 255
179, 197, 255
178, 197, 255
178, 197, 255
178, 197, 255
178, 197, 255
178, 196, 255
177, 196, 255
177, 196, 255
177, 196, 255
177, 196, 255
177, 196, 255
176, 196, 255
176, 195, 255
176, 195, 255
176, 195, 255
176, 195, 255
176, 195, 255
175, 195, 255
175, 195, 255
175, 194, 255
175, 194, 255
175, 194, 255
175, 194, 255
174, 194, 255
174, 194, 255
174, 194, 255
174, 194, 255
174, 194, 255
174, 193, 255
174, 193, 255
173, 193, 255
173, 193, 255
173, 193, 255
173, 193, 255
173, 193, 255
173, 193, 255
173, 193, 255
173, 192, 255
172, 192, 255
172, 192, 255
172, 192, 255
172, 192, 255
172, 192, 255
172, 192, 255
172, 192, 255
172, 192, 255
171, 192, 255
171, 192, 255
171, 191, 255
171, 191, 255
171, 191, 255
171, 191, 255
171, 191, 255
171, 191, 255
171, 191, 255
170, 191, 255
170, 191, 255
170, 191, 255
170, 191, 255
170, 190, 255
170, 190, 255
170, 190, 255
170, 190, 255
170, 190, 255
170, 190, 255
169, 190, 255
169, 190, 255
169, 190, 255
169, 190, 255
169, 190, 255
169, 190, 255
169, 190, 255
169, 190, 255
169, 189, 255
169, 189, 255
169, 189, 255
168, 189, 255
168, 189, 255
168, 189, 255
168, 189, 255
168, 189, 255
168, 189, 255
168, 189, 255
168, 189, 255
168, 189, 255
168, 189, 255
168, 189, 255
168, 189, 255
167, 188, 255
167, 188, 255
167, 188, 255
167, 188, 255
167, 188, 255
167, 188, 255
167, 188, 255
167, 188, 255
167, 188, 255
167, 188, 255
167, 188, 255
167, 188, 255
167, 188, 255
167, 188, 255
166, 188, 255
166, 188, 255
166, 188, 255
166, 187, 255
166, 187, 255
166, 187, 255
166, 187, 255
166, 187, 255
166, 187, 255
166, 187, 255
166, 187, 255
166, 187, 255
166, 187, 255
166, 187, 255
166, 187, 255
166, 187, 255
165, 187, 255
165, 187, 255
165, 187, 255
165, 187, 255
165, 187, 255
165, 187, 255
165, 187, 255
165, 187, 255
165, 186, 255
165, 186, 255
165, 186, 255
165, 186, 255
165, 186, 255
165, 186, 255
165, 186, 255
165, 186, 255
165, 186, 255
165, 186, 255
165, 186, 255
164, 186, 255
164, 186, 255
164, 186, 255
164, 186, 255
164, 186, 255
164, 186, 255
164, 186, 255
164, 186, 255
164, 186, 255
164, 186, 255
164, 186, 255
164, 186, 255
164, 186, 255
164, 186, 255
164, 185, 255
164, 185, 255
164, 185, 255
164, 185, 255
164, 185, 255
164, 185, 255
164, 185, 255
163, 185, 255
163, 185, 255
163, 185, 255
163, 185, 255
163, 185, 255
163, 185, 255
163, 185, 255
163, 185, 255
163, 185, 255
163, 185, 255
163, 185, 255
163, 185, 255
163, 185, 255
163, 185, 255
163, 185, 255
163, 185, 255
163, 185, 255
163, 185, 255
163, 185, 255
163, 185, 255
163, 185, 255
163, 185, 255
163, 185, 255
163, 184, 255
163, 184, 255
162, 184, 255
162, 184, 255
162, 184, 255
162, 184, 255
162, 184, 255
162, 184, 255
162, 184, 255
162, 184, 255
162, 184, 255
162, 184, 255
162, 184, 255
162, 184, 255
162, 184, 255
162, 184, 255
162, 184, 255
162, 184, 255
162, 184, 255
162, 184, 255
162, 184, 255
162, 184, 255
162, 184, 255
162, 184, 255
162, 184, 255
162, 184, 255
162, 184, 255
162, 184, 255
162, 184, 255
162, 184, 255
162, 184, 255
162, 184, 255
162, 184, 255
161, 184, 255
161, 184, 255
161, 184, 255
161, 183, 255
161, 183, 255
161, 183, 255
161, 183, 255
161, 183, 255
161, 183, 255
161, 183, 255
161, 183, 255
161, 183, 255
161, 183, 255
161, 183, 255
161, 183, 255
161, 183, 255
161, 183, 255
161, 183, 255
